Generacion numero : 0
       x    f(x)  fitness     ps(i)
1    185   68266    68266  0.809057
2    -29    1712     1712  0.020290
3    243  117856   117856  1.396775
4    190   72011    72011  0.853441
5   -161   52004    52004  0.616327
6    220   96581    96581  1.144633
7    -12     301      301  0.003567
8   -118   27967    27967  0.331452
9    181   65342    65342  0.774403
10  -210   88411    88411  1.047806
11    33    2146     2146  0.025433
12    59    6904     6904  0.081823
13   199   79004    79004  0.936319
14  -174   60727    60727  0.719708
15    37    2702     2702  0.032023
16  -202   81811    81811  0.969586
17    37    2702     2702  0.032023
18    26    1327     1327  0.015727
19    75   11176    11176  0.132453
20   -69    9592     9592  0.113680
21    65    8386     8386  0.099387
22   178   63191    63191  0.748911
23   148   43661    43661  0.517450
24  -183   67162    67162  0.795973
25   126   31627    31627  0.374829
26   239  114004   114004  1.351123
27   -79   12562    12562  0.148879
28   206   84667    84667  1.003434
29   -35    2486     2486  0.029463
30  -105   22156    22156  0.262583
31    92   16837    16837  0.199544
32   -32    2081     2081  0.024663
33  -137   37676    37676  0.446519
34   152   46057    46057  0.545846
35   116   26797    26797  0.317586
36   140   39061    39061  0.462933
37   179   63904    63904  0.757361
38  -207   85906    85906  1.018118
39  -109   23872    23872  0.282920
40   -46    4279     4279  0.050713
41   182   66067    66067  0.782996
42  -161   52004    52004  0.616327
43    78   12091    12091  0.143297
44  -220   97021    97021  1.149848
45   140   39061    39061  0.462933
46    89   15754    15754  0.186709
47  -182   66431    66431  0.787310
48  -198   78607    78607  0.931614
49   -52    5461     5461  0.064721
50  -120   28921    28921  0.342758
51  -109   23872    23872  0.282920
52  -103   21322    21322  0.252699
53   -32    2081     2081  0.024663
54    39    3004     3004  0.035602
55  -210   88411    88411  1.047806
56  -224  100577   100577  1.191992
57    39    3004     3004  0.035602
58  -198   78607    78607  0.931614
59    23    1036     1036  0.012278
60   -20     821      821  0.009730
61   -31    1954     1954  0.023158
62  -250  125251   125251  1.484417
63   243  117856   117856  1.396775
64   191   72772    72772  0.862460
65   -47    4466     4466  0.052929
66   128   32641    32641  0.386846
67   -36    2629     2629  0.031158
68   118   27731    27731  0.328655
69   -44    3917     3917  0.046422
70   236  111157   111157  1.317381
71   111   24532    24532  0.290742
72    82   13367    13367  0.158420
73   124   30629    30629  0.363001
74  -180   64981    64981  0.770125
75   218   94831    94831  1.123893
76  -244  119317   119317  1.414090
77   -30    1831     1831  0.021700
78   154   47279    47279  0.560329
79  -125   31376    31376  0.371854
80   219   95704    95704  1.134240
81  -177   62836    62836  0.744703
82  -182   66431    66431  0.787310
83  -185   68636    68636  0.813442
84   249  123754   123754  1.466675
85   -87   15226    15226  0.180452
86  -250  125251   125251  1.484417
87  -206   85079    85079  1.008317
88   132   34717    34717  0.411450
89    29    1654     1654  0.019602
90    18     631      631  0.007478
91    83   13696    13696  0.162319
92   145   41906    41906  0.496651
93   221   97462    97462  1.155075
94   126   31627    31627  0.374829
95  -207   85906    85906  1.018118
96  -220   97021    97021  1.149848
97  -141   39904    39904  0.472924
98  -148   43957    43957  0.520958
99   144   41329    41329  0.489812
100   77   11782    11782  0.139635
101  -54    5887     5887  0.069770
102 -150   45151    45151  0.535109
103  157   49142    49142  0.582408
104 -226  102379   102379  1.213349
105  -69    9592     9592  0.113680
106   44    3829     3829  0.045380
107 -219   96142    96142  1.139431
108 -180   64981    64981  0.770125
109 -250  125251   125251  1.484417
110  132   34717    34717  0.411450
111 -180   64981    64981  0.770125
112  188   70501    70501  0.835545
113   42    3487     3487  0.041326
114  169   56954    56954  0.674993
115 -120   28921    28921  0.342758
116   51    5152     5152  0.061059
117 -189   71632    71632  0.848949
118   59    6904     6904  0.081823
119  -79   12562    12562  0.148879
120  -88   15577    15577  0.184611
121   -6      79       79  0.000936
122 -208   86737    86737  1.027967
123  -12     301      301  0.003567
124 -211   89254    89254  1.057797
125 -209   87572    87572  1.037863
126 -174   60727    60727  0.719708
127  195   75856    75856  0.899010
128  -52    5461     5461  0.064721
129  103   21116    21116  0.250257
130   18     631      631  0.007478
131   17     562      562  0.006661
132 -189   71632    71632  0.848949
133    1       2        2  0.000024
134  -29    1712     1712  0.020290
135  -19     742      742  0.008794
136   39    3004     3004  0.035602
137 -210   88411    88411  1.047806
138    6      67       67  0.000794
139 -252  127261   127261  1.508239
140   31    1892     1892  0.022423
141  -31    1954     1954  0.023158
142 -121   29404    29404  0.348483
143  213   90526    90526  1.072872
144 -249  124252   124252  1.472577
145  -36    2629     2629  0.031158
146   49    4754     4754  0.056342
147  225  101026   101026  1.197314
148  174   60379    60379  0.715584
149   40    3161     3161  0.037463
150 -131   34454    34454  0.408333
151  -87   15226    15226  0.180452
152 -105   22156    22156  0.262583
153 -208   86737    86737  1.027967
154   17     562      562  0.006661
155 -162   52651    52651  0.623995
156  -66    8779     8779  0.104045
157   35    2416     2416  0.028633
158 -221   97904    97904  1.160313
159   72   10297    10297  0.122035
160 -188   70877    70877  0.840002
161  115   26336    26336  0.312122
162  111   24532    24532  0.290742
163 -171   58654    58654  0.695140
164  227  102832   102832  1.218717
165 -128   32897    32897  0.389880
166  -61    7504     7504  0.088934
167   16     497      497  0.005890
168 -178   63547    63547  0.753130
169   -7     106      106  0.001256
170   66    8647     8647  0.102480
171   88   15401    15401  0.182526
172 -200   80201    80201  0.950505
173 -225  101476   101476  1.202647
174  152   46057    46057  0.545846
175 -172   59341    59341  0.703282
176  141   39622    39622  0.469582
177   76   11477    11477  0.136020
178  -25    1276     1276  0.015123
179   63    7876     7876  0.093343
180   92   16837    16837  0.199544
181 -138   38227    38227  0.453049
182  103   21116    21116  0.250257
183  241  115922   115922  1.373854
184   92   16837    16837  0.199544
185  -67    9046     9046  0.107209
186   56    6217     6217  0.073681
187  -83   13862    13862  0.164286
188  138   37951    37951  0.449778
189  -68    9317     9317  0.110421
190  -98   19307    19307  0.228818
191    9     154      154  0.001825
192 -125   31376    31376  0.371854
193 -169   57292    57292  0.678998
194  -34    2347     2347  0.027816
195  180   64621    64621  0.765858
196  233  108346   108346  1.284067
197   76   11477    11477  0.136020
198  231  106492   106492  1.262094
199  223   99236    99236  1.176099
200  -47    4466     4466  0.052929

Ocurrieron 67 mutacion/es
----------------------------------
-35 = 10100011 --> 161 = 10100001

----------------------------------
-148 = 110010100 --> 388 = 110000100

----------------------------------
-178 = 110110010 --> 418 = 110100010

----------------------------------
72 = 001001000 --> 76 = 001001100

----------------------------------
78 = 001001110 --> 206 = 011001110

----------------------------------
154 = 010011010 --> 26 = 000011010

----------------------------------
152 = 010011000 --> 184 = 010111000

----------------------------------
199 = 011000111 --> 71 = 001000111

----------------------------------
-121 = 11111001 --> 253 = 11111101

----------------------------------
-169 = 110101001 --> 489 = 111101001

----------------------------------
174 = 010101110 --> 142 = 010001110

----------------------------------
126 = 001111110 --> 122 = 001111010

----------------------------------
31 = 000011111 --> 63 = 000111111

----------------------------------
-171 = 110101011 --> 419 = 110100011

----------------------------------
59 = 000111011 --> 187 = 010111011

----------------------------------
-125 = 11111101 --> 253 = 11111101

----------------------------------
-52 = 10110100 --> 181 = 10110101

----------------------------------
-54 = 10110110 --> 182 = 10110110

----------------------------------
169 = 010101001 --> 171 = 010101011

----------------------------------
-174 = 110101110 --> 428 = 110101100

----------------------------------
-161 = 110100001 --> 289 = 100100001

----------------------------------
-182 = 110110110 --> 439 = 110110111

----------------------------------
-88 = 11011000 --> 218 = 11011010

----------------------------------
-252 = 111111100 --> 510 = 111111110

----------------------------------
103 = 001100111 --> 119 = 001110111

----------------------------------
-36 = 10100100 --> 160 = 10100000

----------------------------------
-25 = 10011001 --> 153 = 10011001

----------------------------------
111 = 001101111 --> 239 = 011101111

----------------------------------
-162 = 110100010 --> 416 = 110100000

----------------------------------
-120 = 11111000 --> 250 = 11111010

----------------------------------
-52 = 10110100 --> 176 = 10110000

----------------------------------
-177 = 110110001 --> 401 = 110010001

----------------------------------
115 = 001110011 --> 113 = 001110001

----------------------------------
122 = 001111010 --> 126 = 001111110

----------------------------------
-20 = 10010100 --> 148 = 10010100

----------------------------------
140 = 010001100 --> 136 = 010001000

----------------------------------
39 = 000100111 --> 167 = 010100111

----------------------------------
227 = 011100011 --> 225 = 011100001

----------------------------------
160 = 010100000 --> 224 = 011100000

----------------------------------
-68 = 11000100 --> 196 = 11000100

----------------------------------
206 = 011001110 --> 198 = 011000110

----------------------------------
145 = 010010001 --> 144 = 010010000

----------------------------------
-83 = 11010011 --> 219 = 11011011

----------------------------------
-220 = 111011100 --> 412 = 110011100

----------------------------------
111 = 001101111 --> 107 = 001101011

----------------------------------
142 = 010001110 --> 134 = 010000110

----------------------------------
-250 = 111111010 --> 490 = 111101010

----------------------------------
219 = 011011011 --> 155 = 010011011

----------------------------------
-87 = 11010111 --> 247 = 11110111

----------------------------------
-31 = 10011111 --> 151 = 10010111

----------------------------------
191 = 010111111 --> 187 = 010111011

----------------------------------
6 = 000000110 --> 134 = 010000110

----------------------------------
17 = 000010001 --> 49 = 000110001

----------------------------------
253 = 011111101 --> 245 = 011110101

----------------------------------
250 = 011111010 --> 251 = 011111011

----------------------------------
152 = 010011000 --> 153 = 010011001

----------------------------------
289 = 0100100001 --> 293 = 0100100101

----------------------------------
-46 = 10101110 --> 174 = 10101110

----------------------------------
401 = 0110010001 --> 385 = 0110000001

----------------------------------
-7 = 10000111 --> 131 = 10000011

----------------------------------
76 = 001001100 --> 12 = 000001100

----------------------------------
185 = 010111001 --> 249 = 011111001

----------------------------------
37 = 000100101 --> 45 = 000101101

----------------------------------
178 = 010110010 --> 182 = 010110110

----------------------------------
-182 = 110110110 --> 439 = 110110111

----------------------------------
225 = 011100001 --> 241 = 011110001

----------------------------------
-189 = 110111101 --> 441 = 110111001

----------------------------------

Generacion numero : 1
       x    f(x)  fitness     ps(i)
1    249  123754   123754  0.999940
2    243  117856   117856  0.952284
3    190   72011    72011  0.581853
4   -161   52004    52004  0.420196
5    220   96581    96581  0.780381
6   -118   27967    27967  0.225975
7    181   65342    65342  0.527968
8   -210   88411    88411  0.714367
9     71   10012    10012  0.080898
10  -174   60727    60727  0.490678
11  -202   81811    81811  0.661038
12   182   66067    66067  0.533826
13   148   43661    43661  0.352784
14  -183   67162    67162  0.542673
15   126   31627    31627  0.255548
16   239  114004   114004  0.921160
17   206   84667    84667  0.684115
18  -105   22156    22156  0.179022
19  -137   37676    37676  0.304424
20   153   46666    46666  0.377064
21   116   26797    26797  0.216521
22   140   39061    39061  0.315615
23   179   63904    63904  0.516348
24  -207   85906    85906  0.694126
25  -109   23872    23872  0.192887
26   182   66067    66067  0.533826
27   293  171406   171406  1.384971
28   412  339077   339077  2.739764
29   136   36857    36857  0.297807
30   439  385004   385004  3.110857
31  -198   78607    78607  0.635150
32   251  125752   125752  1.016084
33  -109   23872    23872  0.192887
34  -103   21322    21322  0.172283
35  -210   88411    88411  0.714367
36  -224  100577   100577  0.812669
37  -198   78607    78607  0.635150
38  -250  125251   125251  1.012036
39   243  117856   117856  0.952284
40   187   69752    69752  0.563601
41   128   32641    32641  0.263741
42   118   27731    27731  0.224068
43   236  111157   111157  0.898156
44   107   22792    22792  0.184161
45   124   30629    30629  0.247484
46  -180   64981    64981  0.525051
47   218   94831    94831  0.766241
48  -244  119317   119317  0.964089
49    26    1327     1327  0.010722
50   253  127766   127766  1.032357
51   155   47896    47896  0.387003
52   385  296066   296066  2.392232
53   439  385004   385004  3.110857
54  -185   68636    68636  0.554583
55   249  123754   123754  0.999940
56  -250  125251   125251  1.012036
57  -206   85079    85079  0.687444
58   132   34717    34717  0.280516
59   144   41329    41329  0.333941
60   221   97462    97462  0.787499
61   126   31627    31627  0.255548
62  -207   85906    85906  0.694126
63  -220   97021    97021  0.783936
64  -141   39904    39904  0.322427
65   388  300701   300701  2.429683
66   144   41329    41329  0.333941
67  -150   45151    45151  0.364823
68   157   49142    49142  0.397070
69  -226  102379   102379  0.827229
70  -219   96142    96142  0.776833
71  -180   64981    64981  0.525051
72   490  479711   479711  3.876095
73   132   34717    34717  0.280516
74  -180   64981    64981  0.525051
75   188   70501    70501  0.569653
76   171   58312    58312  0.471165
77  -120   28921    28921  0.233684
78   441  388522   388522  3.139283
79  -208   86737    86737  0.700840
80  -211   89254    89254  0.721178
81  -209   87572    87572  0.707587
82   428  365941   365941  2.956827
83   195   75856    75856  0.612921
84   119   28204    28204  0.227890
85  -189   71632    71632  0.578791
86  -210   88411    88411  0.714367
87   510  519691   519691  4.199136
88   245  119806   119806  0.968040
89   213   90526    90526  0.731456
90  -249  124252   124252  1.003964
91   225  101026   101026  0.816297
92   134   35779    35779  0.289097
93  -131   34454    34454  0.278391
94  -105   22156    22156  0.179022
95  -208   86737    86737  0.700840
96   416  345697   345697  2.793254
97  -221   97904    97904  0.791071
98  -188   70877    70877  0.572691
99   113   25426    25426  0.205444
100  239  114004   114004  0.921160
101  419  350704   350704  2.833711
102  241  115922   115922  0.936657
103 -128   32897    32897  0.265810
104  418  349031   349031  2.820193
105 -200   80201    80201  0.648029
106 -225  101476   101476  0.819933
107  184   67529    67529  0.545639
108 -172   59341    59341  0.479479
109  141   39622    39622  0.320148
110 -138   38227    38227  0.308877
111  103   21116    21116  0.170619
112  241  115922   115922  0.936657
113  138   37951    37951  0.306646
114 -125   31376    31376  0.253520
115  489  477754   477754  3.860283
116  180   64621    64621  0.522142
117  233  108346   108346  0.875443
118  231  106492   106492  0.860462
119  223   99236    99236  0.801833

Ocurrieron 24 mutacion/es
----------------------------------
-219 = 111011011 --> 479 = 111011111

----------------------------------
239 = 011101111 --> 207 = 011001111

----------------------------------
118 = 001110110 --> 102 = 001100110

----------------------------------
157 = 010011101 --> 189 = 010111101

----------------------------------
428 = 0110101100 --> 424 = 0110101000

----------------------------------
412 = 0110011100 --> 476 = 0111011100

----------------------------------
181 = 010110101 --> 183 = 010110111

----------------------------------
-180 = 110110100 --> 432 = 110110000

----------------------------------
153 = 010011001 --> 152 = 010011000

----------------------------------
-211 = 111010011 --> 339 = 101010011

----------------------------------
221 = 011011101 --> 220 = 011011100

----------------------------------
489 = 0111101001 --> 457 = 0111001001

----------------------------------
476 = 0111011100 --> 478 = 0111011110

----------------------------------
510 = 0111111110 --> 506 = 0111111010

----------------------------------
188 = 010111100 --> 60 = 000111100

----------------------------------
225 = 011100001 --> 241 = 011110001

----------------------------------
126 = 001111110 --> 127 = 001111111

----------------------------------
218 = 011011010 --> 222 = 011011110

----------------------------------
439 = 0110110111 --> 407 = 0110010111

----------------------------------
-210 = 111010010 --> 338 = 101010010

----------------------------------
140 = 010001100 --> 141 = 010001101

----------------------------------
155 = 010011011 --> 27 = 000011011

----------------------------------
-250 = 111111010 --> 510 = 111111110

----------------------------------
385 = 0110000001 --> 389 = 0110000101

----------------------------------

Generacion numero : 2
       x    f(x)  fitness     ps(i)
1    249  123754   123754  0.933737
2    243  117856   117856  0.889236
3    190   72011    72011  0.543330
4   -161   52004    52004  0.392376
5    220   96581    96581  0.728714
6    183   66796    66796  0.503983
7   -210   88411    88411  0.667070
8   -174   60727    60727  0.458192
9   -202   81811    81811  0.617272
10   182   66067    66067  0.498482
11   148   43661    43661  0.329427
12  -183   67162    67162  0.506744
13   126   31627    31627  0.238629
14   239  114004   114004  0.860172
15   206   84667    84667  0.638821
16  -137   37676    37676  0.284269
17   152   46057    46057  0.347505
18   141   39622    39622  0.298952
19   179   63904    63904  0.482162
20  -207   85906    85906  0.648170
21   182   66067    66067  0.498482
22   293  171406   171406  1.293276
23   478  456491   456491  3.444272
24   136   36857    36857  0.278090
25   407  330892   330892  2.496615
26  -198   78607    78607  0.593098
27   251  125752   125752  0.948812
28  -210   88411    88411  0.667070
29  -224  100577   100577  0.758864
30  -198   78607    78607  0.593098
31  -250  125251   125251  0.945032
32   243  117856   117856  0.889236
33   187   69752    69752  0.526286
34   128   32641    32641  0.246280
35   236  111157   111157  0.838691
36  -180   64981    64981  0.490288
37   222   98347    98347  0.742038
38  -244  119317   119317  0.900259
39   253  127766   127766  0.964008
40    27    1432     1432  0.010805
41   389  302254   302254  2.280538
42   439  385004   385004  2.904895
43  -185   68636    68636  0.517866
44   249  123754   123754  0.933737
45   510  519691   519691  3.921123
46  -206   85079    85079  0.641930
47   132   34717    34717  0.261943
48   144   41329    41329  0.311832
49   220   96581    96581  0.728714
50   127   32132    32132  0.242439
51  -207   85906    85906  0.648170
52  -220   97021    97021  0.732034
53  -141   39904    39904  0.301080
54   388  300701   300701  2.268820
55   144   41329    41329  0.311832
56  -150   45151    45151  0.340669
57   189   71254    71254  0.537619
58  -226  102379   102379  0.772460
59   479  458404   458404  3.458706
60  -180   64981    64981  0.490288
61   490  479711   479711  3.619469
62   132   34717    34717  0.261943
63   432  372817   372817  2.812943
64    60    7141     7141  0.053880
65   171   58312    58312  0.439970
66   441  388522   388522  2.931439
67  -208   86737    86737  0.654440
68   339  229504   229504  1.731632
69  -209   87572    87572  0.660740
70   424  359129   359129  2.709666
71   195   75856    75856  0.572341
72  -189   71632    71632  0.540471
73   338  228151   228151  1.721423
74   506  511567   511567  3.859826
75   245  119806   119806  0.903949
76   213   90526    90526  0.683028
77  -249  124252   124252  0.937494
78   241  115922   115922  0.874644
79   134   35779    35779  0.269956
80  -131   34454    34454  0.259959
81  -208   86737    86737  0.654440
82   416  345697   345697  2.608320
83  -221   97904    97904  0.738696
84  -188   70877    70877  0.534774
85   207   85492    85492  0.645046
86   419  350704   350704  2.646098
87   241  115922   115922  0.874644
88  -128   32897    32897  0.248211
89   418  349031   349031  2.633475
90  -200   80201    80201  0.605125
91  -225  101476   101476  0.765647
92   184   67529    67529  0.509513
93  -172   59341    59341  0.447734
94   141   39622    39622  0.298952
95  -138   38227    38227  0.288427
96   241  115922   115922  0.874644
97   138   37951    37951  0.286344
98  -125   31376    31376  0.236735
99   457  417242   417242  3.148134
100  180   64621    64621  0.487572
101  233  108346   108346  0.817482
102  231  106492   106492  0.803493
103  223   99236    99236  0.748746

Ocurrieron 7 mutacion/es
----------------------------------
490 = 0111101010 --> 488 = 0111101000

----------------------------------
243 = 011110011 --> 251 = 011111011

----------------------------------
236 = 011101100 --> 238 = 011101110

----------------------------------
152 = 010011000 --> 153 = 010011001

----------------------------------
148 = 010010100 --> 156 = 010011100

----------------------------------
60 = 000111100 --> 61 = 000111101

----------------------------------
-224 = 111100000 --> 352 = 101100000

----------------------------------

Generacion numero : 3
      x    f(x)  fitness     ps(i)
1   249  123754   123754  0.934514
2   243  117856   117856  0.889976
3   190   72011    72011  0.543783
4  -161   52004    52004  0.392702
5   220   96581    96581  0.729320
6   183   66796    66796  0.504402
7  -210   88411    88411  0.667625
8  -174   60727    60727  0.458573
9  -202   81811    81811  0.617786
10  182   66067    66067  0.498897
11  156   48517    48517  0.366370
12 -183   67162    67162  0.507166
13  239  114004   114004  0.860888
14  206   84667    84667  0.639353
15 -137   37676    37676  0.284506
16  153   46666    46666  0.352393
17  141   39622    39622  0.299201
18  179   63904    63904  0.482564
19 -207   85906    85906  0.648709
20  182   66067    66067  0.498897
21  293  171406   171406  1.294352
22  478  456491   456491  3.447138
23  136   36857    36857  0.278321
24  407  330892   330892  2.498692
25 -198   78607    78607  0.593592
26  251  125752   125752  0.949602
27 -210   88411    88411  0.667625
28  352  247457   247457  1.868643
29 -198   78607    78607  0.593592
30 -250  125251   125251  0.945818
31  251  125752   125752  0.949602
32  187   69752    69752  0.526724
33  238  113051   113051  0.853691
34 -180   64981    64981  0.490696
35  222   98347    98347  0.742656
36 -244  119317   119317  0.901008
37  253  127766   127766  0.964810
38  389  302254   302254  2.282436
39  439  385004   385004  2.907313
40 -185   68636    68636  0.518297
41  249  123754   123754  0.934514
42  510  519691   519691  3.924386
43 -206   85079    85079  0.642464
44  132   34717    34717  0.262161
45  144   41329    41329  0.312091
46  220   96581    96581  0.729320
47 -207   85906    85906  0.648709
48 -220   97021    97021  0.732643
49 -141   39904    39904  0.301330
50  388  300701   300701  2.270708
51  144   41329    41329  0.312091
52 -150   45151    45151  0.340953
53  189   71254    71254  0.538066
54 -226  102379   102379  0.773103
55  479  458404   458404  3.461584
56 -180   64981    64981  0.490696
57  488  475801   475801  3.592956
58  132   34717    34717  0.262161
59  432  372817   372817  2.815284
60  171   58312    58312  0.440336
61  441  388522   388522  2.933879
62 -208   86737    86737  0.654984
63  339  229504   229504  1.733073
64 -209   87572    87572  0.661290
65  424  359129   359129  2.711921
66  195   75856    75856  0.572818
67 -189   71632    71632  0.540921
68  338  228151   228151  1.722856
69  506  511567   511567  3.863038
70  245  119806   119806  0.904701
71  213   90526    90526  0.683597
72 -249  124252   124252  0.938274
73  241  115922   115922  0.875371
74  134   35779    35779  0.270181
75 -131   34454    34454  0.260175
76 -208   86737    86737  0.654984
77  416  345697   345697  2.610491
78 -221   97904    97904  0.739311
79 -188   70877    70877  0.535219
80  207   85492    85492  0.645583
81  419  350704   350704  2.648300
82  241  115922   115922  0.875371
83  418  349031   349031  2.635667
84 -200   80201    80201  0.605628
85 -225  101476   101476  0.766284
86  184   67529    67529  0.509937
87 -172   59341    59341  0.448107
88  141   39622    39622  0.299201
89 -138   38227    38227  0.288667
90  241  115922   115922  0.875371
91  138   37951    37951  0.286583
92  457  417242   417242  3.150754
93  180   64621    64621  0.487978
94  233  108346   108346  0.818162
95  231  106492   106492  0.804162
96  223   99236    99236  0.749369

Ocurrieron 23 mutacion/es
----------------------------------
144 = 010010000 --> 146 = 010010010

----------------------------------
-202 = 111001010 --> 450 = 111000010

----------------------------------
-138 = 110001010 --> 426 = 110101010

----------------------------------
189 = 010111101 --> 253 = 011111101

----------------------------------
238 = 011101110 --> 206 = 011001110

----------------------------------
-244 = 111110100 --> 508 = 111111100

----------------------------------
-225 = 111100001 --> 485 = 111100101

----------------------------------
432 = 0110110000 --> 440 = 0110111000

----------------------------------
-250 = 111111010 --> 378 = 101111010

----------------------------------
220 = 011011100 --> 221 = 011011101

----------------------------------
251 = 011111011 --> 187 = 010111011

----------------------------------
251 = 011111011 --> 235 = 011101011

----------------------------------
388 = 0110000100 --> 132 = 0010000100

----------------------------------
134 = 010000110 --> 135 = 010000111

----------------------------------
-180 = 110110100 --> 404 = 110010100

----------------------------------
407 = 0110010111 --> 403 = 0110010011

----------------------------------
221 = 011011101 --> 205 = 011001101

----------------------------------
352 = 0101100000 --> 354 = 0101100010

----------------------------------
-207 = 111001111 --> 399 = 110001111

----------------------------------
182 = 010110110 --> 166 = 010100110

----------------------------------
-188 = 110111100 --> 445 = 110111101

----------------------------------
135 = 010000111 --> 199 = 011000111

----------------------------------
-208 = 111010000 --> 336 = 101010000

----------------------------------

Generacion numero : 4
      x    f(x)  fitness     ps(i)
1   249  123754   123754  0.798794
2   243  117856   117856  0.760724
3   190   72011    72011  0.464809
4  -161   52004    52004  0.335670
5   205   83846    83846  0.541200
6   183   66796    66796  0.431148
7  -210   88411    88411  0.570666
8  -174   60727    60727  0.391974
9   450  404551   404551  2.611253
10  166   54947    54947  0.354666
11  156   48517    48517  0.313162
12 -183   67162    67162  0.433510
13  239  114004   114004  0.735861
14  206   84667    84667  0.546500
15 -137   37676    37676  0.243187
16  153   46666    46666  0.301215
17  141   39622    39622  0.255748
18  179   63904    63904  0.412481
19 -207   85906    85906  0.554497
20  182   66067    66067  0.426442
21  293  171406   171406  1.106373
22  478  456491   456491  2.946510
23  136   36857    36857  0.237901
24  403  324416   324416  2.094006
25 -198   78607    78607  0.507384
26  235  110216   110216  0.711411
27 -210   88411    88411  0.570666
28  354  250279   250279  1.615474
29 -198   78607    78607  0.507384
30  378  285391   285391  1.842111
31  187   69752    69752  0.450228
32  187   69752    69752  0.450228
33  206   84667    84667  0.546500
34  404  326029   326029  2.104417
35  222   98347    98347  0.634800
36  508  515621   515621  3.328176
37  253  127766   127766  0.824690
38  389  302254   302254  1.950957
39  439  385004   385004  2.485083
40 -185   68636    68636  0.443024
41  249  123754   123754  0.798794
42  510  519691   519691  3.354446
43 -206   85079    85079  0.549159
44  132   34717    34717  0.224088
45  146   42487    42487  0.274241
46  220   96581    96581  0.623401
47  399  318004   318004  2.052618
48 -220   97021    97021  0.626241
49 -141   39904    39904  0.257568
50  132   34717    34717  0.224088
51  144   41329    41329  0.266766
52 -150   45151    45151  0.291436
53  253  127766   127766  0.824690
54 -226  102379   102379  0.660825
55  479  458404   458404  2.958857
56 -180   64981    64981  0.419432
57  488  475801   475801  3.071150
58  132   34717    34717  0.224088
59  440  386761   386761  2.496424
60  171   58312    58312  0.376386
61  441  388522   388522  2.507790
62 -208   86737    86737  0.559861
63  339  229504   229504  1.481378
64 -209   87572    87572  0.565250
65  424  359129   359129  2.318068
66  195   75856    75856  0.489627
67 -189   71632    71632  0.462363
68  338  228151   228151  1.472645
69  506  511567   511567  3.302008
70  245  119806   119806  0.773311
71  213   90526    90526  0.584318
72 -249  124252   124252  0.802009
73  241  115922   115922  0.748241
74  199   79004    79004  0.509947
75 -131   34454    34454  0.222390
76  336  225457   225457  1.455256
77  416  345697   345697  2.231368
78 -221   97904    97904  0.631940
79  445  395606   395606  2.553516
80  207   85492    85492  0.551825
81  419  350704   350704  2.263687
82  241  115922   115922  0.748241
83  418  349031   349031  2.252888
84 -200   80201    80201  0.517673
85  485  469966   469966  3.033487
86  184   67529    67529  0.435879
87 -172   59341    59341  0.383028
88  141   39622    39622  0.255748
89  426  362527   362527  2.340001
90  241  115922   115922  0.748241
91  138   37951    37951  0.244962
92  457  417242   417242  2.693169
93  180   64621    64621  0.417109
94  233  108346   108346  0.699340
95  231  106492   106492  0.687373
96  223   99236    99236  0.640538

Ocurrieron 38 mutacion/es
----------------------------------
-249 = 111111001 --> 473 = 111011001

----------------------------------
440 = 0110111000 --> 312 = 0100111000

----------------------------------
-189 = 110111101 --> 441 = 110111001

----------------------------------
239 = 011101111 --> 237 = 011101101

----------------------------------
-226 = 111100010 --> 498 = 111110010

----------------------------------
231 = 011100111 --> 199 = 011000111

----------------------------------
-200 = 111001000 --> 328 = 101001000

----------------------------------
-206 = 111001110 --> 334 = 101001110

----------------------------------
-210 = 111010010 --> 450 = 111000010

----------------------------------
441 = 0110111001 --> 505 = 0111111001

----------------------------------
457 = 0111001001 --> 459 = 0111001011

----------------------------------
245 = 011110101 --> 229 = 011100101

----------------------------------
171 = 010101011 --> 163 = 010100011

----------------------------------
418 = 0110100010 --> 162 = 0010100010

----------------------------------
-209 = 111010001 --> 337 = 101010001

----------------------------------
144 = 010010000 --> 208 = 011010000

----------------------------------
338 = 0101010010 --> 274 = 0100010010

----------------------------------
233 = 011101001 --> 232 = 011101000

----------------------------------
-198 = 111000110 --> 390 = 110000110

----------------------------------
-141 = 110001101 --> 269 = 100001101

----------------------------------
-198 = 111000110 --> 470 = 111010110

----------------------------------
241 = 011110001 --> 240 = 011110000

----------------------------------
-172 = 110101100 --> 430 = 110101110

----------------------------------
206 = 011001110 --> 204 = 011001100

----------------------------------
404 = 0110010100 --> 400 = 0110010000

----------------------------------
232 = 011101000 --> 236 = 011101100

----------------------------------
498 = 0111110010 --> 370 = 0101110010

----------------------------------
182 = 010110110 --> 183 = 010110111

----------------------------------
-207 = 111001111 --> 455 = 111000111

----------------------------------
441 = 0110111001 --> 443 = 0110111011

----------------------------------
354 = 0101100010 --> 358 = 0101100110

----------------------------------
328 = 0101001000 --> 456 = 0111001000

----------------------------------
339 = 0101010011 --> 347 = 0101011011

----------------------------------
510 = 0111111110 --> 502 = 0111110110

----------------------------------
183 = 010110111 --> 181 = 010110101

----------------------------------
358 = 0101100110 --> 374 = 0101110110

----------------------------------
132 = 010000100 --> 4 = 000000100

----------------------------------
163 = 010100011 --> 35 = 000100011

----------------------------------

Generacion numero : 5
      x    f(x)  fitness     ps(i)
1   249  123754   123754  0.693959
2   243  117856   117856  0.660886
3   190   72011    72011  0.403807
4  -161   52004    52004  0.291616
5   205   83846    83846  0.470172
6   181   65342    65342  0.366410
7  -210   88411    88411  0.495771
8  -174   60727    60727  0.340531
9   450  404551   404551  2.268549
10  166   54947    54947  0.308119
11  156   48517    48517  0.272063
12 -183   67162    67162  0.376616
13  237  112102   112102  0.628620
14  204   83029    83029  0.465591
15  153   46666    46666  0.261683
16  141   39622    39622  0.222183
17  179   63904    63904  0.358346
18  455  413596   413596  2.319269
19  183   66796    66796  0.374563
20  293  171406   171406  0.961171
21  478  456491   456491  2.559806
22  403  324416   324416  1.819186
23  470  441331   441331  2.474795
24  235  110216   110216  0.618044
25  450  404551   404551  2.268549
26  374  279379   279379  1.566638
27  390  303811   303811  1.703642
28  378  285391   285391  1.600351
29  187   69752    69752  0.391139
30  187   69752    69752  0.391139
31  206   84667    84667  0.474776
32  400  319601   319601  1.792186
33  222   98347    98347  0.551488
34  508  515621   515621  2.891382
35  253  127766   127766  0.716457
36  389  302254   302254  1.694911
37  439  385004   385004  2.158938
38 -185   68636    68636  0.384881
39  249  123754   123754  0.693959
40  502  503507   503507  2.823452
41  334  222779   222779  1.249249
42  146   42487    42487  0.238249
43  220   96581    96581  0.541585
44  399  318004   318004  1.783230
45 -220   97021    97021  0.544052
46  269  144454   144454  0.810036
47  208   86321    86321  0.484051
48 -150   45151    45151  0.253187
49  253  127766   127766  0.716457
50  370  273431   273431  1.533284
51  479  458404   458404  2.570533
52 -180   64981    64981  0.364386
53  488  475801   475801  2.668088
54  312  194377   194377  1.089983
55   35    2416     2416  0.013548
56  443  392056   392056  2.198482
57 -208   86737    86737  0.486384
58  347  240472   240472  1.348464
59  337  226802   226802  1.271809
60  424  359129   359129  2.013842
61  195   75856    75856  0.425368
62  505  509546   509546  2.857316
63  274  149879   149879  0.840457
64  506  511567   511567  2.868649
65  229  104654   104654  0.586855
66  213   90526    90526  0.507631
67  473  446986   446986  2.506506
68  241  115922   115922  0.650041
69  199   79004    79004  0.443021
70  336  225457   225457  1.264266
71  416  345697   345697  1.938521
72 -221   97904    97904  0.549004
73  445  395606   395606  2.218389
74  207   85492    85492  0.479403
75  419  350704   350704  1.966598
76  240  114961   114961  0.644652
77  162   52327    52327  0.293427
78  456  415417   415417  2.329481
79  485  469966   469966  2.635368
80  184   67529    67529  0.378674
81  430  369371   369371  2.071274
82  141   39622    39622  0.222183
83  426  362527   362527  2.032896
84  241  115922   115922  0.650041
85  459  420904   420904  2.360249
86  180   64621    64621  0.362367
87  236  111157   111157  0.623321
88  199   79004    79004  0.443021
89  223   99236    99236  0.556473

Ocurrieron 77 mutacion/es
----------------------------------
207 = 011001111 --> 206 = 011001110

----------------------------------
-183 = 110110111 --> 437 = 110110101

----------------------------------
166 = 010100110 --> 230 = 011100110

----------------------------------
206 = 011001110 --> 238 = 011101110

----------------------------------
183 = 010110111 --> 179 = 010110011

----------------------------------
-174 = 110101110 --> 494 = 111101110

----------------------------------
187 = 010111011 --> 155 = 010011011

----------------------------------
241 = 011110001 --> 243 = 011110011

----------------------------------
426 = 0110101010 --> 490 = 0111101010

----------------------------------
184 = 010111000 --> 176 = 010110000

----------------------------------
399 = 0110001111 --> 397 = 0110001101

----------------------------------
473 = 0111011001 --> 465 = 0111010001

----------------------------------
162 = 010100010 --> 178 = 010110010

----------------------------------
488 = 0111101000 --> 490 = 0111101010

----------------------------------
337 = 0101010001 --> 341 = 0101010101

----------------------------------
378 = 0101111010 --> 314 = 0100111010

----------------------------------
269 = 0100001101 --> 285 = 0100011101

----------------------------------
178 = 010110010 --> 186 = 010111010

----------------------------------
-208 = 111010000 --> 472 = 111011000

----------------------------------
153 = 010011001 --> 217 = 011011001

----------------------------------
506 = 0111111010 --> 510 = 0111111110

----------------------------------
510 = 0111111110 --> 478 = 0111011110

----------------------------------
336 = 0101010000 --> 464 = 0111010000

----------------------------------
455 = 0111000111 --> 471 = 0111010111

----------------------------------
190 = 010111110 --> 188 = 010111100

----------------------------------
180 = 010110100 --> 181 = 010110101

----------------------------------
347 = 0101011011 --> 339 = 0101010011

----------------------------------
339 = 0101010011 --> 337 = 0101010001

----------------------------------
249 = 011111001 --> 185 = 010111001

----------------------------------
253 = 011111101 --> 125 = 001111101

----------------------------------
508 = 0111111100 --> 492 = 0111101100

----------------------------------
236 = 011101100 --> 232 = 011101000

----------------------------------
505 = 0111111001 --> 377 = 0101111001

----------------------------------
403 = 0110010011 --> 401 = 0110010001

----------------------------------
176 = 010110000 --> 177 = 010110001

----------------------------------
155 = 010011011 --> 147 = 010010011

----------------------------------
186 = 010111010 --> 250 = 011111010

----------------------------------
199 = 011000111 --> 71 = 001000111

----------------------------------
206 = 011001110 --> 198 = 011000110

----------------------------------
195 = 011000011 --> 194 = 011000010

----------------------------------
204 = 011001100 --> 196 = 011000100

----------------------------------
232 = 011101000 --> 104 = 001101000

----------------------------------
237 = 011101101 --> 253 = 011111101

----------------------------------
424 = 0110101000 --> 428 = 0110101100

----------------------------------
478 = 0111011110 --> 476 = 0111011100

----------------------------------
285 = 0100011101 --> 317 = 0100111101

----------------------------------
188 = 010111100 --> 60 = 000111100

----------------------------------
400 = 0110010000 --> 408 = 0110011000

----------------------------------
471 = 0111010111 --> 455 = 0111000111

----------------------------------
312 = 0100111000 --> 56 = 0000111000

----------------------------------
-210 = 111010010 --> 470 = 111010110

----------------------------------
470 = 0111010110 --> 214 = 0011010110

----------------------------------
465 = 0111010001 --> 473 = 0111011001

----------------------------------
223 = 011011111 --> 255 = 011111111

----------------------------------
181 = 010110101 --> 165 = 010100101

----------------------------------
455 = 0111000111 --> 453 = 0111000101

----------------------------------
205 = 011001101 --> 237 = 011101101

----------------------------------
490 = 0111101010 --> 426 = 0110101010

----------------------------------
453 = 0111000101 --> 485 = 0111100101

----------------------------------
241 = 011110001 --> 245 = 011110101

----------------------------------
437 = 0110110101 --> 309 = 0100110101

----------------------------------
156 = 010011100 --> 140 = 010001100

----------------------------------
181 = 010110101 --> 180 = 010110100

----------------------------------
179 = 010110011 --> 147 = 010010011

----------------------------------
293 = 0100100101 --> 309 = 0100110101

----------------------------------
426 = 0110101010 --> 170 = 0010101010

----------------------------------
146 = 010010010 --> 154 = 010011010

----------------------------------
199 = 011000111 --> 231 = 011100111

----------------------------------
397 = 0110001101 --> 269 = 0100001101

----------------------------------
485 = 0111100101 --> 453 = 0111000101

----------------------------------
240 = 011110000 --> 248 = 011111000

----------------------------------
253 = 011111101 --> 249 = 011111001

----------------------------------
208 = 011010000 --> 216 = 011011000

----------------------------------
177 = 010110001 --> 161 = 010100001

----------------------------------
185 = 010111001 --> 189 = 010111101

----------------------------------
222 = 011011110 --> 94 = 001011110

----------------------------------
194 = 011000010 --> 192 = 011000000

----------------------------------

Generacion numero : 6
      x    f(x)  fitness     ps(i)
1   189   71254    71254  0.404887
2   243  117856   117856  0.669693
3    60    7141     7141  0.040577
4  -161   52004    52004  0.295502
5   237  112102   112102  0.636997
6   165   54286    54286  0.308469
7   470  441331   441331  2.507776
8   494  487579   487579  2.770571
9   450  404551   404551  2.298781
10  230  105571   105571  0.599886
11  140   39061    39061  0.221956
12  309  190654   190654  1.083354
13  249  123754   123754  0.703208
14  196   76637    76637  0.435475
15  217   93962    93962  0.533921
16  179   63904    63904  0.363122
17  485  469966   469966  2.670489
18  147   43072    43072  0.244748
19  309  190654   190654  1.083354
20  478  456491   456491  2.593920
21  401  321202   321202  1.825167
22  214   91379    91379  0.519243
23  235  110216   110216  0.626281
24  450  404551   404551  2.298781
25  374  279379   279379  1.587516
26  390  303811   303811  1.726346
27  314  196879   196879  1.118726
28  147   43072    43072  0.244748
29  187   69752    69752  0.396352
30  238  113051   113051  0.642390
31  408  332521   332521  1.889485
32   94   17579    17579  0.099889
33  492  483637   483637  2.748172
34  253  127766   127766  0.726005
35  389  302254   302254  1.717499
36  439  385004   385004  2.187709
37 -185   68636    68636  0.390011
38  249  123754   123754  0.703208
39  502  503507   503507  2.861079
40  334  222779   222779  1.265898
41  220   96581    96581  0.548802
42  269  144454   144454  0.820831
43 -220   97021    97021  0.551303
44  317  200662   200662  1.140222
45  216   93097    93097  0.529005
46 -150   45151    45151  0.256562
47  125   31126    31126  0.176867
48  370  273431   273431  1.553718
49  479  458404   458404  2.604790
50 -180   64981    64981  0.369242
51  490  479711   479711  2.725863
52   56    6217     6217  0.035327
53  443  392056   392056  2.227781
54  472  445097   445097  2.529176
55  337  226802   226802  1.288758
56  341  232222   232222  1.319556
57  428  365941   365941  2.079387
58  192   73537    73537  0.417859
59  377  283882   283882  1.613103
60  274  149879   149879  0.851658
61  476  452677   452677  2.572248
62  229  104654   104654  0.594676
63  213   90526    90526  0.514396
64  473  446986   446986  2.539910
65  243  117856   117856  0.669693
66  231  106492   106492  0.605120
67  464  430129   430129  2.444123
68  416  345697   345697  1.964355
69 -221   97904    97904  0.556320
70  445  395606   395606  2.247953
71  198   78211    78211  0.444419
72  419  350704   350704  1.992806
73  248  122761   122761  0.697565
74  250  124751   124751  0.708873
75  456  415417   415417  2.360525
76  453  409966   409966  2.329551
77  161   51682    51682  0.293673
78  430  369371   369371  2.098878
79  170   57631    57631  0.327477
80  245  119806   119806  0.680774
81  459  420904   420904  2.391704
82  180   64621    64621  0.367196
83  104   21529    21529  0.122334
84   71   10012    10012  0.056891
85  255  129796   129796  0.737540

Ocurrieron 46 mutacion/es
----------------------------------
334 = 0101001110 --> 330 = 0101001010

----------------------------------
472 = 0111011000 --> 504 = 0111111000

----------------------------------
249 = 011111001 --> 248 = 011111000

----------------------------------
140 = 010001100 --> 141 = 010001101

----------------------------------
456 = 0111001000 --> 460 = 0111001100

----------------------------------
180 = 010110100 --> 181 = 010110101

----------------------------------
229 = 011100101 --> 165 = 010100101

----------------------------------
439 = 0110110111 --> 503 = 0111110111

----------------------------------
-220 = 111011100 --> 348 = 101011100

----------------------------------
216 = 011011000 --> 88 = 001011000

----------------------------------
330 = 0101001010 --> 346 = 0101011010

----------------------------------
-221 = 111011101 --> 349 = 101011101

----------------------------------
374 = 0101110110 --> 372 = 0101110100

----------------------------------
445 = 0110111101 --> 437 = 0110110101

----------------------------------
231 = 011100111 --> 103 = 001100111

----------------------------------
220 = 011011100 --> 216 = 011011000

----------------------------------
147 = 010010011 --> 131 = 010000011

----------------------------------
189 = 010111101 --> 173 = 010101101

----------------------------------
71 = 001000111 --> 70 = 001000110

----------------------------------
416 = 0110100000 --> 480 = 0111100000

----------------------------------
389 = 0110000101 --> 453 = 0111000101

----------------------------------
443 = 0110111011 --> 427 = 0110101011

----------------------------------
235 = 011101011 --> 234 = 011101010

----------------------------------
237 = 011101101 --> 233 = 011101001

----------------------------------
94 = 001011110 --> 95 = 001011111

----------------------------------
453 = 0111000101 --> 389 = 0110000101

----------------------------------
56 = 000111000 --> 120 = 001111000

----------------------------------
427 = 0110101011 --> 443 = 0110111011

----------------------------------
453 = 0111000101 --> 455 = 0111000111

----------------------------------
147 = 010010011 --> 151 = 010010111

----------------------------------
389 = 0110000101 --> 391 = 0110000111

----------------------------------
230 = 011100110 --> 238 = 011101110

----------------------------------
238 = 011101110 --> 234 = 011101010

----------------------------------
450 = 0111000010 --> 448 = 0111000000

----------------------------------
448 = 0111000000 --> 480 = 0111100000

----------------------------------
372 = 0101110100 --> 500 = 0111110100

----------------------------------
269 = 0100001101 --> 13 = 0000001101

----------------------------------
476 = 0111011100 --> 348 = 0101011100

----------------------------------
348 = 0101011100 --> 340 = 0101010100

----------------------------------
104 = 001101000 --> 106 = 001101010

----------------------------------
125 = 001111101 --> 117 = 001110101

----------------------------------
340 = 0101010100 --> 468 = 0111010100

----------------------------------
106 = 001101010 --> 104 = 001101000

----------------------------------
198 = 011000110 --> 230 = 011100110

----------------------------------
346 = 0101011010 --> 330 = 0101001010

----------------------------------
274 = 0100010010 --> 258 = 0100000010

----------------------------------

Generacion numero : 7
      x    f(x)  fitness     ps(i)
1   173   59686    59686  0.334200
2   243  117856   117856  0.659911
3  -161   52004    52004  0.291186
4   233  108346   108346  0.606662
5   165   54286    54286  0.303964
6   470  441331   441331  2.471144
7   494  487579   487579  2.730100
8   450  404551   404551  2.265202
9   238  113051   113051  0.633006
10  309  190654   190654  1.067529
11  249  123754   123754  0.692936
12  196   76637    76637  0.429113
13  217   93962    93962  0.526121
14  179   63904    63904  0.357818
15  485  469966   469966  2.631480
16  309  190654   190654  1.067529
17  478  456491   456491  2.556029
18  401  321202   321202  1.798506
19  214   91379    91379  0.511658
20  234  109279   109279  0.611886
21  480  460321   460321  2.577475
22  500  499501   499501  2.796855
23  390  303811   303811  1.701128
24  314  196879   196879  1.102384
25  187   69752    69752  0.390562
26  234  109279   109279  0.611886
27  408  332521   332521  1.861884
28  492  483637   483637  2.708028
29  253  127766   127766  0.715400
30  391  305372   305372  1.709869
31  503  505516   505516  2.830535
32 -185   68636    68636  0.384313
33  248  122761   122761  0.687375
34  502  503507   503507  2.819286
35  330  217471   217471  1.217685
36  216   93097    93097  0.521278
37   13     326      326  0.001825
38  348  241861   241861  1.354252
39  317  200662   200662  1.123566
40   88   15401    15401  0.086235
41 -150   45151    45151  0.252814
42  370  273431   273431  1.531022
43  479  458404   458404  2.566741
44 -180   64981    64981  0.363848
45  490  479711   479711  2.686045
46  443  392056   392056  2.195239
47  504  507529   507529  2.841806
48  337  226802   226802  1.269932
49  341  232222   232222  1.300280
50  428  365941   365941  2.049013
51  192   73537    73537  0.411756
52  377  283882   283882  1.589540
53  258  132871   132871  0.743984
54  468  437581   437581  2.450147
55  165   54286    54286  0.303964
56  213   90526    90526  0.506882
57  473  446986   446986  2.502808
58  243  117856   117856  0.659911
59  103   21116    21116  0.118235
60  464  430129   430129  2.408421
61  480  460321   460321  2.577475
62  349  243254   243254  1.362052
63  437  381502   381502  2.136144
64  230  105571   105571  0.591124
65  419  350704   350704  1.963696
66  248  122761   122761  0.687375
67  250  124751   124751  0.698518
68  460  422741   422741  2.367053
69  455  413596   413596  2.315847
70  161   51682    51682  0.289383
71  430  369371   369371  2.068218
72  170   57631    57631  0.322693
73  245  119806   119806  0.670830
74  459  420904   420904  2.356767
75  181   65342    65342  0.365869
76  255  129796   129796  0.726767

Ocurrieron 45 mutacion/es
----------------------------------
390 = 0110000110 --> 388 = 0110000100

----------------------------------
-180 = 110110100 --> 437 = 110110101

----------------------------------
181 = 010110101 --> 183 = 010110111

----------------------------------
309 = 0100110101 --> 293 = 0100100101

----------------------------------
-161 = 110100001 --> 481 = 111100001

----------------------------------
370 = 0101110010 --> 354 = 0101100010

----------------------------------
214 = 011010110 --> 215 = 011010111

----------------------------------
480 = 0111100000 --> 416 = 0110100000

----------------------------------
-185 = 110111001 --> 433 = 110110001

----------------------------------
341 = 0101010101 --> 337 = 0101010001

----------------------------------
192 = 011000000 --> 200 = 011001000

----------------------------------
293 = 0100100101 --> 289 = 0100100001

----------------------------------
233 = 011101001 --> 169 = 010101001

----------------------------------
337 = 0101010001 --> 345 = 0101011001

----------------------------------
88 = 001011000 --> 89 = 001011001

----------------------------------
455 = 0111000111 --> 463 = 0111001111

----------------------------------
428 = 0110101100 --> 300 = 0100101100

----------------------------------
437 = 0110110101 --> 309 = 0100110101

----------------------------------
478 = 0111011110 --> 414 = 0110011110

----------------------------------
354 = 0101100010 --> 362 = 0101101010

----------------------------------
250 = 011111010 --> 234 = 011101010

----------------------------------
314 = 0100111010 --> 378 = 0101111010

----------------------------------
502 = 0111110110 --> 500 = 0111110100

----------------------------------
249 = 011111001 --> 217 = 011011001

----------------------------------
248 = 011111000 --> 240 = 011110000

----------------------------------
419 = 0110100011 --> 417 = 0110100001

----------------------------------
345 = 0101011001 --> 281 = 0100011001

----------------------------------
13 = 000001101 --> 9 = 000001001

----------------------------------
255 = 011111111 --> 251 = 011111011

----------------------------------
388 = 0110000100 --> 390 = 0110000110

----------------------------------
391 = 0110000111 --> 407 = 0110010111

----------------------------------
407 = 0110010111 --> 405 = 0110010101

----------------------------------
-150 = 110010110 --> 402 = 110010010

----------------------------------
494 = 0111101110 --> 366 = 0101101110

----------------------------------
200 = 011001000 --> 136 = 010001000

----------------------------------
216 = 011011000 --> 248 = 011111000

----------------------------------
480 = 0111100000 --> 448 = 0111000000

----------------------------------
443 = 0110111011 --> 315 = 0100111011

----------------------------------
161 = 010100001 --> 33 = 000100001

----------------------------------
89 = 001011001 --> 88 = 001011000

----------------------------------
179 = 010110011 --> 147 = 010010011

----------------------------------
245 = 011110101 --> 244 = 011110100

----------------------------------
215 = 011010111 --> 151 = 010010111

----------------------------------
217 = 011011001 --> 201 = 011001001

----------------------------------
165 = 010100101 --> 229 = 011100101

----------------------------------

Generacion numero : 8
      x    f(x)  fitness     ps(i)
1   173   59686    59686  0.334051
2   243  117856   117856  0.659617
3   481  462242   462242  2.587079
4   169   56954    56954  0.318760
5   229  104654   104654  0.585728
6   470  441331   441331  2.470044
7   366  267547   267547  1.497409
8   450  404551   404551  2.264193
9   238  113051   113051  0.632725
10  309  190654   190654  1.067053
11  201   80602    80602  0.451114
12  196   76637    76637  0.428922
13  217   93962    93962  0.525887
14  147   43072    43072  0.241066
15  485  469966   469966  2.630308
16  289  166754   166754  0.933290
17  414  342379   342379  1.916229
18  401  321202   321202  1.797705
19  151   45452    45452  0.254386
20  234  109279   109279  0.611613
21  448  400961   400961  2.244101
22  500  499501   499501  2.795610
23  390  303811   303811  1.700371
24  378  285391   285391  1.597278
25  187   69752    69752  0.390388
26  234  109279   109279  0.611613
27  408  332521   332521  1.861055
28  492  483637   483637  2.706822
29  253  127766   127766  0.715082
30  405  327646   327646  1.833771
31  503  505516   505516  2.829275
32  433  374546   374546  2.096261
33  240  114961   114961  0.643414
34  500  499501   499501  2.795610
35  330  217471   217471  1.217143
36  248  122761   122761  0.687069
37  348  241861   241861  1.353649
38  317  200662   200662  1.123066
39  402  322807   322807  1.806688
40  362  261727   261727  1.464835
41  479  458404   458404  2.565598
42  437  381502   381502  2.135193
43  490  479711   479711  2.684849
44  315  198136   198136  1.108929
45  504  507529   507529  2.840541
46  337  226802   226802  1.269367
47  281  157642   157642  0.882292
48  300  179701   179701  1.005752
49  136   36857    36857  0.206281
50  377  283882   283882  1.588832
51  258  132871   132871  0.743653
52  468  437581   437581  2.449056
53  165   54286    54286  0.303828
54  213   90526    90526  0.506656
55  473  446986   446986  2.501694
56  243  117856   117856  0.659617
57  464  430129   430129  2.407349
58  416  345697   345697  1.934799
59  349  243254   243254  1.361445
60  309  190654   190654  1.067053
61  230  105571   105571  0.590860
62  417  347362   347362  1.944118
63  248  122761   122761  0.687069
64  234  109279   109279  0.611613
65  460  422741   422741  2.365999
66  463  428276   428276  2.396978
67   33    2146     2146  0.012011
68  430  369371   369371  2.067298
69  170   57631    57631  0.322550
70  244  118829   118829  0.665063
71  459  420904   420904  2.355718
72  183   66796    66796  0.373844
73  251  125752   125752  0.703810

Ocurrieron 67 mutacion/es
----------------------------------
151 = 010010111 --> 215 = 011010111

----------------------------------
234 = 011101010 --> 226 = 011100010

----------------------------------
485 = 0111100101 --> 229 = 0011100101

----------------------------------
417 = 0110100001 --> 161 = 0010100001

----------------------------------
468 = 0111010100 --> 212 = 0011010100

----------------------------------
414 = 0110011110 --> 158 = 0010011110

----------------------------------
330 = 0101001010 --> 362 = 0101101010

----------------------------------
479 = 0111011111 --> 511 = 0111111111

----------------------------------
349 = 0101011101 --> 333 = 0101001101

----------------------------------
437 = 0110110101 --> 181 = 0010110101

----------------------------------
450 = 0111000010 --> 194 = 0011000010

----------------------------------
408 = 0110011000 --> 392 = 0110001000

----------------------------------
234 = 011101010 --> 226 = 011100010

----------------------------------
248 = 011111000 --> 250 = 011111010

----------------------------------
226 = 011100010 --> 98 = 001100010

----------------------------------
378 = 0101111010 --> 506 = 0111111010

----------------------------------
503 = 0111110111 --> 501 = 0111110101

----------------------------------
470 = 0111010110 --> 466 = 0111010010

----------------------------------
250 = 011111010 --> 122 = 001111010

----------------------------------
466 = 0111010010 --> 210 = 0011010010

----------------------------------
309 = 0100110101 --> 373 = 0101110101

----------------------------------
315 = 0100111011 --> 307 = 0100110011

----------------------------------
490 = 0111101010 --> 488 = 0111101000

----------------------------------
366 = 0101101110 --> 110 = 0001101110

----------------------------------
187 = 010111011 --> 59 = 000111011

----------------------------------
230 = 011100110 --> 102 = 001100110

----------------------------------
243 = 011110011 --> 241 = 011110001

----------------------------------
169 = 010101001 --> 161 = 010100001

----------------------------------
102 = 001100110 --> 38 = 000100110

----------------------------------
38 = 000100110 --> 46 = 000101110

----------------------------------
416 = 0110100000 --> 420 = 0110100100

----------------------------------
448 = 0111000000 --> 192 = 0011000000

----------------------------------
201 = 011001001 --> 137 = 010001001

----------------------------------
307 = 0100110011 --> 315 = 0100111011

----------------------------------
147 = 010010011 --> 151 = 010010111

----------------------------------
463 = 0111001111 --> 461 = 0111001101

----------------------------------
194 = 011000010 --> 198 = 011000110

----------------------------------
212 = 011010100 --> 213 = 011010101

----------------------------------
238 = 011101110 --> 174 = 010101110

----------------------------------
196 = 011000100 --> 228 = 011100100

----------------------------------
240 = 011110000 --> 176 = 010110000

----------------------------------
229 = 011100101 --> 197 = 011000101

----------------------------------
151 = 010010111 --> 215 = 011010111

----------------------------------
433 = 0110110001 --> 401 = 0110010001

----------------------------------
289 = 0100100001 --> 305 = 0100110001

----------------------------------
300 = 0100101100 --> 296 = 0100101000

----------------------------------
296 = 0100101000 --> 298 = 0100101010

----------------------------------
333 = 0101001101 --> 365 = 0101101101

----------------------------------
461 = 0111001101 --> 397 = 0110001101

----------------------------------
98 = 001100010 --> 102 = 001100110

----------------------------------
110 = 001101110 --> 102 = 001100110

----------------------------------
243 = 011110011 --> 227 = 011100011

----------------------------------
210 = 011010010 --> 208 = 011010000

----------------------------------
460 = 0111001100 --> 204 = 0011001100

----------------------------------
137 = 010001001 --> 169 = 010101001

----------------------------------
397 = 0110001101 --> 141 = 0010001101

----------------------------------
213 = 011010101 --> 85 = 001010101

----------------------------------
258 = 0100000010 --> 256 = 0100000000

----------------------------------
248 = 011111000 --> 120 = 001111000

----------------------------------
85 = 001010101 --> 93 = 001011101

----------------------------------
241 = 011110001 --> 209 = 011010001

----------------------------------
33 = 000100001 --> 37 = 000100101

----------------------------------
174 = 010101110 --> 170 = 010101010

----------------------------------
430 = 0110101110 --> 398 = 0110001110

----------------------------------
209 = 011010001 --> 213 = 011010101

----------------------------------
213 = 011010101 --> 212 = 011010100

----------------------------------
59 = 000111011 --> 58 = 000111010

----------------------------------

Generacion numero : 9
      x    f(x)  fitness     ps(i)
1   173   59686    59686  0.430799
2   227  102832   102832  0.742216
3   481  462242   462242  3.336347
4   161   51682    51682  0.373028
5   229  104654   104654  0.755366
6   208   86321    86321  0.623043
7   102   20707    20707  0.149458
8   198   78211    78211  0.564507
9   170   57631    57631  0.415966
10  373  277886   277886  2.005712
11  169   56954    56954  0.411080
12  228  103741   103741  0.748777
13  217   93962    93962  0.678194
14  197   77422    77422  0.558813
15  305  185746   185746  1.340668
16  158   49771    49771  0.359235
17  401  321202   321202  2.318356
18  215   92236    92236  0.665736
19  226  101927   101927  0.735684
20  192   73537    73537  0.530772
21  500  499501   499501  3.605273
22  390  303811   303811  2.192832
23  506  511567   511567  3.692362
24   58    6671     6671  0.048150
25  102   20707    20707  0.149458
26  392  306937   306937  2.215394
27  492  483637   483637  3.490771
28  253  127766   127766  0.922183
29  405  327646   327646  2.364867
30  501  501502   501502  3.619716
31  401  321202   321202  2.318356
32  176   61777    61777  0.445891
33  500  499501   499501  3.605273
34  362  261727   261727  1.889080
35  122   29647    29647  0.213985
36  348  241861   241861  1.745692
37  317  200662   200662  1.448328
38  402  322807   322807  2.329940
39  362  261727   261727  1.889080
40  511  521732   521732  3.765731
41  181   65342    65342  0.471622
42  488  475801   475801  3.434212
43  315  198136   198136  1.430096
44  504  507529   507529  3.663217
45  337  226802   226802  1.637000
46  281  157642   157642  1.137820
47  298  177311   177311  1.279786
48  377  283882   283882  2.048989
49  256  130817   130817  0.944204
50  212   89677    89677  0.647266
51  165   54286    54286  0.391823
52   93   17206    17206  0.124189
53  473  446986   446986  3.226233
54  213   90526    90526  0.653394
55  464  430129   430129  3.104563
56  420  352381   352381  2.543398
57  365  266086   266086  1.920542
58  309  190654   190654  1.376093
59   46    4187     4187  0.030221
60  161   51682    51682  0.373028
61  120   28681    28681  0.207012
62  234  109279   109279  0.788748
63  204   83029    83029  0.599283
64  141   39622    39622  0.285982
65  398  316411   316411  2.283775
66  170   57631    57631  0.415966
67  244  118829   118829  0.857678
68  459  420904   420904  3.037980
69  183   66796    66796  0.482117
70  251  125752   125752  0.907646
----------------------------------

